123
124
125
126
127
139
140
141
142
143
155
156
157
158
159
170
171
172
173
174
175
184
185
186
187
188
189
190
191
200
201
202
203
204
205
206
207
216
217
218
219
220
221
222
223
232
233
234
235
236
237
238
239
248
249
250
251
252
253
254
255
648
649
650
651
652
653
654
655
664
665
666
667
668
669
670
671
680
681
682
683
684
685
686
687
696
697
698
699
700
701
702
703
712
713
714
715
716
717
718
719
729
730
731
732
733
734
735
745
746
747
748
749
750
751
761
762
763
764
765
766
767
880
881
882
883
884
885
886
887
896
897
898
899
900
901
902
903
912
913
914
915
916
917
918
919
928
929
930
931
932
933
934
935
944
945
946
947
948
949
950
951
960
961
962
963
964
965
966
967
976
977
978
979
980
981
982
992
993
994
995
996
997
998
1008
1009
1010
1011
1012
1013
1014
