32.717700  128.757200  FUK   0.0
32.717700  128.703754  FUKW  0.0
32.717700  128.810646  FUKE  0.0
32.672734  128.757200  FUKS  0.0
32.762666  128.757200  FUKN  0.0
36.545670  138.204100  MAJO  0.0
36.545670  138.148129  MAJOW 0.0
36.545670  138.260071  MAJOE 0.0
36.500704  138.204100  MAJOS 0.0
36.590636  138.204100  MAJON 0.0
35.350000  137.029000  INU   0.0
35.350000  136.973870  INUW  0.0
35.350000  137.084130  INUE  0.0
35.305034  137.029000  INUS  0.0
35.394966  137.029000  INUN  0.0
46.927000  122.430200  NE93  0.0
46.927000  122.364357  NE93W 0.0
46.927000  122.496043  NE93E 0.0
46.882034  122.430200  NE93S 0.0
46.971966  122.430200  NE93N 0.0
40.018300  116.167900  BJT   0.0
40.018300  116.109185  BJTW  0.0
40.018300  116.226615  BJTE  0.0
39.973334  116.167900  BJTS  0.0
40.063266  116.167900  BJTN  0.0
59.575600  150.770000  MA2   0.0
59.575600  150.681205  MA2W  0.0
59.575600  150.858795  MA2E  0.0
59.530634  150.770000  MA2S  0.0
59.620566  150.770000  MA2N  0.0
34.031300  108.923700  XAN   0.0
34.031300  108.869441  XANW  0.0
34.031300  108.977959  XANE  0.0
33.986334  108.923700  XANS  0.0
34.076266  108.923700  XANN  0.0
47.865100  107.053200  ULN   0.0
47.865100  106.986174  ULNW  0.0
47.865100  107.120226  ULNE  0.0
47.820134  107.053200  ULNS  0.0
47.910066  107.053200  ULNN  0.0
44.056300  144.994400  SHR   0.0
44.056300  144.931830  SHRW  0.0
44.056300  145.056970  SHRE  0.0
44.011334  144.994400  SHRS  0.0
44.101266  144.994400  SHRN  0.0
44.617000  129.590800  MDJ   0.0
44.617000  129.527629  MDJW  0.0
44.617000  129.653971  MDJE  0.0
44.572034  129.590800  MDJS  0.0
44.661966  129.590800  MDJN  0.0
37.477600  126.623900  INCN  0.0
37.477600  126.567238  INCNW 0.0
37.477600  126.680562  INCNE 0.0
37.432634  126.623900  INCNS 0.0
37.522566  126.623900  INCNN 0.0



