-6.318569180512446648e-01 4.752743998546976600e-01 6.071264163760785593e-01
-6.306833984740998211e-01 4.753485391847567798e-01 6.072279448312719596e-01
-6.306025702654536325e-01 4.753536456604863791e-01 6.072349377807887416e-01
-6.259977440107821200e-01 4.773988031499249995e-01 6.098867404171338658e-01
-6.211030269668378345e-01 4.795599595033398499e-01 6.126891040499289343e-01
-6.101752458597069495e-01 4.843378558014464486e-01 6.188851560606895008e-01
-5.969118264059225520e-01 4.900506808869086739e-01 6.262946966440605667e-01
-5.786214968047942442e-01 4.977760937142609032e-01 6.363164656368037742e-01
-5.447641333302510880e-01 5.116204121649073899e-01 6.542817591236397279e-01
-5.104726379322473973e-01 5.250570114945152245e-01 6.717256442041676934e-01
-4.915797663480668267e-01 5.322165412931308959e-01 6.810237381153535496e-01
-4.777141737743888505e-01 5.373638297711972323e-01 6.877100466353864849e-01
-4.661841313011604870e-01 5.415761065846469435e-01 6.931827605958728045e-01
-4.609881997740807313e-01 5.434543744940858456e-01 6.956233545565446708e-01
-4.560820868091018943e-01 5.452165757067134466e-01 6.979133007732768457e-01
-4.560419464766875541e-01 5.452598945880224868e-01 6.979691613585414789e-01
-4.554591614971576496e-01 5.458888279285906142e-01 6.987801837911371550e-01
-4.553966899896704223e-01 5.459562462994724807e-01 6.988671211621227952e-01
-4.550744665372504216e-01 5.463039853103568433e-01 6.993155377435386066e-01
-4.549134555863585949e-01 5.464777460604950399e-01 6.995396057920529875e-01
-4.547525116589781757e-01 5.466514344798039104e-01 6.997635805684806476e-01
-4.542240740162120094e-01 5.476282696784252613e-01 7.010212095194106041e-01
-4.539600956377404239e-01 5.481162428107252405e-01 7.016494517646970630e-01
-4.538281663081592532e-01 5.483601187242406194e-01 7.019634304273254521e-01
-4.537622165770562321e-01 5.484820290755620942e-01 7.021203842179506438e-01
-4.536962767898808924e-01 5.486039210451901793e-01 7.022773143430183218e-01
