1       0.0   5.80000   3.20000   2.60000     57822.00   57822.00
 2       3.0   5.80000   3.20000   2.60000     57822.00   57822.00
 3      15.0   5.80000   3.20000   2.60000     57822.00   57822.00
 4      24.4   5.80000   3.20000   2.60000     57822.00   57822.00
 5      24.4   8.11061   4.49094   3.38076     57822.00   57822.00
 6      40.0   8.10119   4.48486   3.37906     57822.00   57822.00
 7      60.0   8.08907   4.47715   3.37688     57822.00   57822.00
 8      80.0   8.07689   4.46954   3.37471     57822.00   57822.00
 9      80.0   8.07689   4.46954   3.37471     57822.00   57822.00
10     115.0   8.05540   4.45643   3.37091     57822.00   57822.00
11     150.0   8.03370   4.44361   3.36710     57822.00   57822.00
12     185.0   8.01180   4.43180   3.36330     57822.00   57822.00
13     210.0   7.98970   4.41885   3.35950     57822.00   57822.00
 14    210.000     8.3007     4.5184     3.3243    57822.00   57822.00
 15    260.000     8.4822     4.6094     3.3663    57822.00   57822.00
 16    310.000     8.6650     4.6964     3.4110    57822.00   57822.00
 17    360.000     8.8476     4.7832     3.4577    57822.00   57822.00
 18    410.000     9.0302     4.8702     3.5068    57822.00   57822.00
 19    410.000     9.3601     5.0806     3.9317    57822.00   57822.00
 20    460.000     9.5280     5.1864     3.9273    57822.00   57822.00
 21    510.000     9.6962     5.2922     3.9233    57822.00   57822.00
 22    560.000     9.8640     5.3989     3.9218    57822.00   57822.00
 23    610.000    10.0320     5.5047     3.9206    57822.00   57822.00
 24    660.000    10.2000     5.6104     3.9201    57822.00   57822.00
 25    660.000    10.7909     5.9607     4.2387    57822.00   57822.00
 26    710.000    10.9222     6.0898     4.2986    57822.00   57822.00
 27    760.000    11.0553     6.2100     4.3565    57822.00   57822.00
 28    809.500    11.1355     6.2424     4.4118    57822.00   57822.00
 29    859.000    11.2228     6.2799     4.4650    57822.00   57822.00
 30    908.500    11.3068     6.3164     4.5162    57822.00   57822.00
 31    958.000    11.3897     6.3519     4.5654    57822.00   57822.00
 32   1007.500    11.4704     6.3860     4.5926    57822.00   57822.00
 33   1057.000    11.5493     6.4182     4.6198    57822.00   57822.00
 34   1106.500    11.6265     6.4514     4.6467    57822.00   57822.00
 35   1156.000    11.7020     6.4822     4.6735    57822.00   57822.00
 36   1205.500    11.7768     6.5131     4.7001    57822.00   57822.00
 37   1255.000    11.8491     6.5431     4.7266    57822.00   57822.00
 38   1304.500    11.9208     6.5728     4.7528    57822.00   57822.00
 39   1354.000    11.9891     6.6009     4.7790    57822.00   57822.00
 40   1403.500    12.0571     6.6285     4.8050    57822.00   57822.00
 41   1453.000    12.1247     6.6554     4.8307    57822.00   57822.00
 42   1502.500    12.1912     6.6813     4.8562    57822.00   57822.00
 43   1552.000    12.2558     6.7070     4.8817    57822.00   57822.00
 44   1601.500    12.3181     6.7323     4.9069    57822.00   57822.00
 45   1651.000    12.3813     6.7579     4.9321    57822.00   57822.00
 46   1700.500    12.4427     6.7820     4.9570    57822.00   57822.00
 47   1750.000    12.5030     6.8056     4.9817    57822.00   57822.00
 48   1799.500    12.5638     6.8289     5.0062    57822.00   57822.00
 49   1849.000    12.6226     6.8517     5.0306    57822.00   57822.00
 50   1898.500    12.6807     6.8743     5.0548    57822.00   57822.00
 51   1948.000    12.7384     6.8972     5.0789    57822.00   57822.00
 52   1997.500    12.7956     6.9194     5.1027    57822.00   57822.00
 53   2047.000    12.8524     6.9416     5.1264    57822.00   57822.00
 54   2096.500    12.9093     6.9625     5.1499    57822.00   57822.00
 55   2146.000    12.9663     6.9852     5.1732    57822.00   57822.00
 56   2195.500    13.0226     7.0069     5.1963    57822.00   57822.00
 57   2245.000    13.0786     7.0286     5.2192    57822.00   57822.00
 58   2294.500    13.1337     7.0504     5.2420    57822.00   57822.00
 59   2344.000    13.1895     7.0722     5.2646    57822.00   57822.00
 60   2393.500    13.2465     7.0932     5.2870    57822.00   57822.00
 61   2443.000    13.3017     7.1144     5.3092    57822.00   57822.00
 62   2492.500    13.3584     7.1368     5.3313    57822.00   57822.00
 63   2542.000    13.4156     7.1584     5.3531    57822.00   57822.00
 64   2591.500    13.4741     7.1804     5.3748    57822.00   57822.00
 65   2640.000    13.5311     7.2031     5.3962    57822.00   57822.00
 66   2690.000    13.5899     7.2253     5.4176    57822.00   57822.00
 67   2740.000    13.6498     7.2485     5.4387    57822.00   57822.00
 68   2740.000    13.6498     7.2485     5.6934    57822.00   57822.00
 69   2789.670    13.6533     7.2593     5.7196    57822.00   57822.00
 70   2839.330    13.6570     7.2700     5.7458    57822.00   57822.00
 71   2891.500    13.6601     7.2817     5.7721   57822.00   57822.00
 72   2891.500     8.0000     0.0000     9.9145   57822.00       0.00
 73   2939.330     8.0382     0.0000     9.9942   57822.00       0.00
 74   2989.660     8.1283     0.0000    10.0722   57822.00       0.00
 75   3039.990     8.2213     0.0000    10.1485   57822.00       0.00
 76   3090.320     8.3122     0.0000    10.2233   57822.00       0.00
 77   3140.660     8.4001     0.0000    10.2964   57822.00       0.00
 78   3190.990     8.4861     0.0000    10.3679   57822.00       0.00
 79   3241.320     8.5692     0.0000    10.4378   57822.00       0.00
 80   3291.650     8.6496     0.0000    10.5062   57822.00       0.00
 81   3341.980     8.7283     0.0000    10.5731   57822.00       0.00
 82   3392.310     8.8036     0.0000    10.6385   57822.00       0.00
 83   3442.640     8.8761     0.0000    10.7023   57822.00       0.00
 84   3492.970     8.9461     0.0000    10.7647   57822.00       0.00
 85   3543.300     9.0138     0.0000    10.8257   57822.00       0.00
 86   3593.640     9.0792     0.0000    10.8852   57822.00       0.00
 87   3643.970     9.1426     0.0000    10.9434   57822.00       0.00
 88   3694.300     9.2042     0.0000    11.0001   57822.00       0.00
 89   3744.630     9.2634     0.0000    11.0555   57822.00       0.00
 90   3794.960     9.3205     0.0000    11.1095   57822.00       0.00
 91   3845.290     9.3760     0.0000    11.1623   57822.00       0.00
 92   3895.620     9.4297     0.0000    11.2137   57822.00       0.00
 93   3945.950     9.4814     0.0000    11.2639   57822.00       0.00
 94   3996.280     9.5306     0.0000    11.3127   57822.00       0.00
 95   4046.620     9.5777     0.0000    11.3604   57822.00       0.00
 96   4096.950     9.6232     0.0000    11.4069   57822.00       0.00
 97   4147.280     9.6673     0.0000    11.4521   57822.00       0.00
 98   4197.610     9.7100     0.0000    11.4962   57822.00       0.00
 99   4247.940     9.7513     0.0000    11.5391   57822.00       0.00
100   4298.270     9.7914     0.0000    11.5809   57822.00       0.00
101   4348.600     9.8304     0.0000    11.6216   57822.00       0.00
102   4398.930     9.8682     0.0000    11.6612   57822.00       0.00
103   4449.260     9.9051     0.0000    11.6998   57822.00       0.00
104   4499.600     9.9410     0.0000    11.7373   57822.00       0.00
105   4549.930     9.9761     0.0000    11.7737   57822.00       0.00
106   4600.260    10.0103     0.0000    11.8092   57822.00       0.00
107   4650.590    10.0439     0.0000    11.8437   57822.00       0.00
108   4700.920    10.0768     0.0000    11.8772   57822.00       0.00
109   4751.250    10.1095     0.0000    11.9098   57822.00       0.00
110   4801.580    10.1415     0.0000    11.9414   57822.00       0.00
111   4851.910    10.1739     0.0000    11.9722   57822.00       0.00
112   4902.240    10.2049     0.0000    12.0001   57822.00       0.00
113   4952.580    10.2329     0.0000    12.0311   57822.00       0.00
114   5002.910    10.2565     0.0000    12.0593   57822.00       0.00
115   5053.240    10.2745     0.0000    12.0867   57822.00       0.00
116   5103.570    10.2854     0.0000    12.1133   57822.00       0.00
117   5153.500    10.2890     0.0000    12.1391   57822.00       0.00
118   5153.500    11.0427     3.5043    12.7037    57822.00   57822.00
119   5204.610    11.0585     3.5187    12.7289    57822.00   57822.00
120   5255.320    11.0718     3.5314    12.7530    57822.00   57822.00
121   5306.040    11.0850     3.5435    12.7760    57822.00   57822.00
122   5356.750    11.0983     3.5551    12.7980    57822.00   57822.00
123   5407.460    11.1166     3.5661    12.8188    57822.00   57822.00
124   5458.170    11.1316     3.5765    12.8387    57822.00   57822.00
125   5508.890    11.1457     3.5864    12.8574    57822.00   57822.00
126   5559.600    11.1590     3.5957    12.8751    57822.00   57822.00
127   5610.310    11.1715     3.6044    12.8917    57822.00   57822.00
128   5661.020    11.1832     3.6126    12.9072    57822.00   57822.00
129   5711.740    11.1941     3.6202    12.9217    57822.00   57822.00
130   5762.450    11.2041     3.6272    12.9351    57822.00   57822.00
131   5813.160    11.2134     3.6337    12.9474    57822.00   57822.00
132   5863.870    11.2219     3.6396    12.9586    57822.00   57822.00
133   5914.590    11.2295     3.6450    12.9688    57822.00   57822.00
134   5965.300    11.2364     3.6498    12.9779    57822.00   57822.00
135   6016.010    11.2424     3.6540    12.9859    57822.00   57822.00
136   6066.720    11.2477     3.6577    12.9929    57822.00   57822.00
137   6117.440    11.2521     3.6608    12.9988    57822.00   57822.00
138   6168.150    11.2557     3.6633    13.0036    57822.00   57822.00
139   6218.860    11.2586     3.6653    13.0074    57822.00   57822.00
140   6269.570    11.2606     3.6667    13.0100    57822.00   57822.00
141   6320.290    11.2618     3.6675    13.0117    57822.00   57822.00
142   6371.000    11.2622     3.6678    13.0122    57822.00   57822.00